6.000000000000000000e+01
6.324358974358974450e+01
6.648717948717948900e+01
6.973076923076922640e+01
7.297435897435897800e+01
7.621794871794871540e+01
7.946153846153845279e+01
8.270512820512820440e+01
8.594871794871795601e+01
8.919230769230769340e+01
9.243589743589743080e+01
9.567948717948718240e+01
9.892307692307691980e+01
1.021666666666666572e+02
1.054102564102564088e+02
1.086538461538461604e+02
1.118974358974358978e+02
1.151410256410256352e+02
1.183846153846153868e+02
1.216282051282051384e+02
1.248717948717948758e+02
1.281153846153846132e+02
1.313589743589743648e+02
1.346025641025640880e+02
1.378461538461538396e+02
1.410897435897435912e+02
1.443333333333333144e+02
1.475769230769230944e+02
1.508205128205128176e+02
1.540641025641025692e+02
1.573076923076923208e+02
1.605512820512820440e+02
1.637948717948717956e+02
1.670384615384615472e+02
1.702820512820512704e+02
1.735256410256410220e+02
1.767692307692307736e+02
1.800128205128204968e+02
1.832564102564102768e+02
1.865000000000000000e+02
