0.000000000000000000e+00
0.000000000000000000e+00
0.000000000000000000e+00
0.000000000000000000e+00
0.000000000000000000e+00
0.000000000000000000e+00
0.000000000000000000e+00
3.347619047619047450e+01
6.245952380952380878e+01
5.046631756202449424e+02
1.502172264317529880e+03
5.530558682114549811e+03
1.175598557838844863e+04
1.951863957828092680e+04
2.612553803520576184e+04
3.052825810437991095e+04
3.351793297611169692e+04
3.608146268652322760e+04
3.775981322689412627e+04
3.917866197563117021e+04
4.129981774678061629e+04
4.237022440278522845e+04
4.389516784759204893e+04
4.533672802373449667e+04
4.688622704727564269e+04
4.877950342550915957e+04
5.008864002077094483e+04
5.192961855427386035e+04
5.319920214618088357e+04
5.441542904899585119e+04
5.563616506389204005e+04
5.710920322019841115e+04
5.828117783232576767e+04
5.962957708109510713e+04
6.148111046626693133e+04
6.337413795640276658e+04
6.536515154680225533e+04
6.762193999363189505e+04
7.035119683506678848e+04
7.313894743740950071e+04
