1.113393172159770393e+10
1.113393172159770393e+10
1.113393172159770393e+10
1.113393172159770393e+10
1.110577030968429947e+10
1.110577030968429947e+10
1.110577030968429947e+10
1.110577030968429947e+10
1.110577030968429947e+10
1.110577030968429947e+10
1.110577030968429947e+10
1.110577030968429947e+10
1.037301681186375999e+10
1.037301681186375999e+10
1.037301681186375999e+10
1.016108923610744858e+10
1.016108923610744858e+10
9.576783662402441025e+09
9.576783662402441025e+09
9.576783662402441025e+09
9.576783662402441025e+09
9.433572589873300552e+09
9.433572589873300552e+09
9.433572589873300552e+09
9.344853042378347397e+09
9.344853042378347397e+09
9.344853042378347397e+09
9.143784450393119812e+09
9.143784450393119812e+09
9.143784450393119812e+09
9.143784450393119812e+09
9.143784450393119812e+09
9.001320176105125427e+09
8.715352750364788055e+09
8.715352750364788055e+09
8.715352750364788055e+09
8.501810438617125511e+09
8.501810438617125511e+09
8.501810438617125511e+09
8.328486008426709175e+09
8.328486008426709175e+09
8.328486008426709175e+09
8.163796008331767082e+09
8.163796008331767082e+09
8.163796008331767082e+09
8.163796008331767082e+09
8.163796008331767082e+09
8.093160988480948448e+09
8.011040620630041122e+09
7.828307700646826744e+09
7.687659223884312630e+09
7.687659223884312630e+09
7.482583156779005051e+09
7.381542979022967339e+09
7.381542979022967339e+09
7.381542979022967339e+09
7.381542979022967339e+09
7.381542979022967339e+09
7.381542979022967339e+09
7.381542979022967339e+09
7.381542979023241997e+09
7.381542979023241997e+09
7.381542979023241997e+09
7.331675542053042412e+09
7.317502055417350769e+09
7.116306279246016502e+09
7.116306279246016502e+09
7.116306279246016502e+09
7.064756887485696793e+09
6.955434942291540146e+09
6.955434942291540146e+09
6.955434942291540146e+09
6.505726725885182381e+09
6.505726725885182381e+09
6.505726725885182381e+09
6.505726725885182381e+09
6.324710182663525581e+09
6.324710182663525581e+09
6.324710182663525581e+09
6.324710182663525581e+09
6.324710182663525581e+09
6.324710182663525581e+09
6.282866798510818481e+09
6.282866798510818481e+09
6.114987784961306572e+09
6.114987784961306572e+09
6.065100839847212791e+09
6.065100839847212791e+09
5.626517901523842812e+09
5.626517901523842812e+09
5.626517901523842812e+09
5.459062465858708382e+09
5.459062465858708382e+09
5.459062465858708382e+09
5.454215803706061363e+09
5.454215803706061363e+09
5.454215803706061363e+09
5.454215803706061363e+09
5.454215803706061363e+09
5.429779826588334084e+09
5.429779826588334084e+09
5.429779826588334084e+09
5.429779826588334084e+09
5.429779826588334084e+09
5.429779826588334084e+09
5.429779826588334084e+09
5.429779826588334084e+09
5.232777705950166702e+09
5.232777705950166702e+09
5.232777705950166702e+09
5.232777705950166702e+09
5.121833495517191887e+09
5.121833495517191887e+09
4.844472452417345047e+09
4.844472452417345047e+09
4.802339378275785446e+09
4.802339378275785446e+09
4.759447270417771339e+09
4.639202676875284195e+09
4.639202676875284195e+09
4.639202676875284195e+09
4.639202676875284195e+09
4.639202676875284195e+09
4.639202676875284195e+09
4.568320980040173531e+09
4.337022784523546219e+09
4.337022784523546219e+09
4.337022784523546219e+09
4.337022784523546219e+09
4.337022784523546219e+09
4.337022784523546219e+09
4.337022784523546219e+09
4.275382750594394684e+09
4.275382750594394684e+09
4.087884570404173851e+09
4.087884570404173851e+09
4.087884570404173851e+09
4.087884570404173851e+09
4.087884570404173851e+09
4.087884570404173851e+09
3.932711911284060478e+09
3.932711911284060478e+09
3.912148489748767376e+09
3.912148489748767376e+09
3.912148489748767376e+09
3.912148489748767376e+09
3.912148489748767376e+09
3.850889118081131458e+09
3.850889118081131458e+09
3.850889118081131458e+09
3.850889118081131458e+09
3.850889118081131458e+09
3.850889118081131458e+09
3.595851724436678886e+09
3.347072596003894806e+09
3.347072596003894806e+09
3.347072596003894806e+09
3.347072596003894806e+09
3.347072596003894806e+09
3.347072596003894806e+09
3.347072596003894806e+09
3.269740636087197781e+09
3.269740636087197781e+09
3.266774188315146923e+09
3.256141138521937370e+09
3.256141138521937370e+09
3.256141138521937370e+09
3.153630020074556828e+09
3.153630020074556828e+09
3.153630020074556828e+09
3.153630020074556828e+09
3.153630020074556828e+09
3.153630020074556828e+09
3.153630020074556828e+09
3.153630020074556828e+09
3.150848129099774361e+09
2.985808950599520206e+09
2.985808950599520206e+09
2.918200554568848610e+09
2.918200554568848610e+09
2.918200554568848610e+09
2.695984347424981117e+09
2.695984347424981117e+09
2.695984347424981117e+09
2.695984347424981117e+09
2.695984347424981117e+09
2.695984347424981117e+09
2.695984347424981117e+09
2.695984347424981117e+09
2.695984347424981117e+09
2.695984347424981117e+09
2.695984347424981117e+09
2.695984347424981117e+09
2.695984347424981117e+09
2.695984347424981117e+09
2.695984347424981117e+09
2.695984347424981117e+09
2.695984347424981117e+09
2.695984347424981117e+09
2.695984347424981117e+09
2.695984347424981117e+09
2.695984347424981117e+09
2.427235507414213181e+09
2.427235507414213181e+09
2.427235507414213181e+09
2.427235507414213181e+09
2.427235507414213181e+09
2.427235507414213181e+09
2.427235507414213181e+09
2.427235507414213181e+09
2.427235507414213181e+09
2.427235507414213181e+09
2.297343161947817326e+09
2.297343161947817326e+09
2.297047919296411514e+09
2.297047919296411514e+09
2.297047919296411514e+09
2.297047919296411514e+09
2.297047919296411514e+09
2.297047919296411514e+09
2.211351964282247066e+09
2.211351964282247066e+09
2.211351964282247066e+09
2.211351964282247066e+09
2.211351964282247066e+09
1.970540260929078817e+09
1.970540260929078817e+09
1.970540260929078817e+09
1.970540260929078817e+09
1.970540260929078817e+09
1.946300707953917742e+09
1.946300707953917742e+09
1.946300707953917742e+09
1.946300707953917742e+09
1.946300707953917742e+09
1.946300707953868151e+09
1.675259184681892633e+09
1.675259184681892633e+09
1.588420858187780857e+09
1.588420858187780857e+09
1.588420858187780857e+09
1.588420858187780857e+09
1.588420858187780857e+09
1.588420858187780857e+09
1.588420858187780857e+09
1.588420858187780857e+09
1.588420858187780857e+09
1.588420858187780857e+09
1.588420858187780857e+09
1.579384960226108074e+09
1.579384960226108074e+09
1.579384960226108074e+09
1.579384960226108074e+09
1.579384960226108074e+09
1.579384960226108074e+09
1.548324136738743067e+09
1.548324136738743067e+09
1.548324136738743067e+09
1.548324136738743067e+09
1.472398375761965513e+09
1.472398375761965513e+09
1.472398375761965513e+09
1.435053090409297228e+09
1.435053090409297228e+09
1.378535077309263945e+09
1.378535077309263945e+09
1.378535077309263945e+09
1.272077669532174349e+09
1.272077669532174349e+09
1.272077669532174349e+09
1.272077669532174349e+09
1.218465062140555620e+09
1.218465062140555620e+09
1.218465062140555620e+09
1.218465062140555620e+09
1.218465062140555620e+09
1.218465062140555620e+09
1.218465062140555620e+09
1.218465062140555620e+09
1.199265709357378244e+09
1.199265709357378244e+09
1.199265709357378244e+09
1.199265709357378244e+09
1.189970518732285023e+09
1.189970518732285023e+09
1.189970518732285023e+09
1.189970518732285023e+09
1.189970518732285023e+09
1.163878433762376070e+09
1.163878433762376070e+09
1.146301901581465483e+09
1.146301901581465483e+09
1.146301901581465483e+09
1.146301901581465483e+09
1.146301901581465483e+09
1.146301901581465483e+09
1.146301901581465483e+09
1.146301901581465483e+09
1.146301901581465483e+09
1.146301901581465483e+09
1.146301901581465483e+09
1.146301901581465483e+09
1.146301901581465483e+09
1.146301901581465483e+09
1.026169783541217089e+09
1.026169783541217089e+09
1.026169783541217089e+09
1.026169783541217089e+09
1.008620634078123689e+09
1.008620634078123689e+09
1.008620634078123689e+09
9.804340421248054504e+08
9.804340421248054504e+08
9.804340421248054504e+08
9.804340421248054504e+08
9.804340421248054504e+08
9.804340421248054504e+08
9.165425635943779945e+08
9.165425635943779945e+08
9.165425635943779945e+08
9.165425635943779945e+08
9.165425635943779945e+08
8.602215943537378311e+08
8.602215943537378311e+08
8.602215943537378311e+08
8.489498771716051102e+08
8.489498771716051102e+08
8.489498771716051102e+08
8.355235798749266863e+08
8.355235798749266863e+08
8.355235798749266863e+08
7.977487075785820484e+08
7.707781493649809361e+08
7.707781493649809361e+08
7.707781493649809361e+08
7.707781493648443222e+08
7.707781493648443222e+08
7.707781493648443222e+08
7.707781493648443222e+08
7.707781493648443222e+08
6.607788737019318342e+08
6.607788737017974854e+08
6.607788737017974854e+08
6.607788737017974854e+08
6.595482951997157335e+08
6.595482951997157335e+08
6.595482951997157335e+08
6.387270607154661417e+08
6.387270607154661417e+08
6.387270607154661417e+08
6.387270607154661417e+08
6.325319698333431482e+08
6.325319698333431482e+08
6.325319698333431482e+08
6.325319698333431482e+08
6.325319698333431482e+08
6.267345413573774099e+08
6.267345413573774099e+08
6.267345413573774099e+08
6.165878043425953388e+08
6.165878043425953388e+08
6.165878043425953388e+08
6.165878043425953388e+08
6.165878043425953388e+08
6.165878043425953388e+08
6.165878043425953388e+08
6.165878043425953388e+08
6.165878043425953388e+08
6.165878043425953388e+08
6.040902520308464766e+08
6.040902520308464766e+08
6.040902520308464766e+08
5.875762413626278639e+08
5.875762413626278639e+08
5.875762413626278639e+08
5.875762413626278639e+08
5.875762413626278639e+08
5.695340877009848356e+08
5.695340877009848356e+08
5.695340877009848356e+08
5.695340877009848356e+08
5.695340877009848356e+08
5.695340877009848356e+08
5.695340877009848356e+08
5.695340877009848356e+08
5.695340877009848356e+08
5.695340877009848356e+08
5.695340877009848356e+08
5.695340877009848356e+08
5.695340877009848356e+08
5.695340877009848356e+08
5.695340877009848356e+08
5.695340877009848356e+08
5.689200541499598026e+08
5.689200541499598026e+08
5.689200541499598026e+08
5.689200541499598026e+08
5.689200541499598026e+08
5.627846335618847609e+08
5.627846335618847609e+08
5.540360259258397818e+08
5.540360259258397818e+08
5.540360259258397818e+08
4.846566289662877321e+08
4.846566289662877321e+08
4.846566289662877321e+08
4.846566289662877321e+08
4.708306842975347042e+08
4.708306842975347042e+08
4.601162077425151467e+08
4.601162077425151467e+08
4.601162077425151467e+08
4.601162077425151467e+08
4.601162077425151467e+08
4.601162077425151467e+08
4.601162077425151467e+08
4.601162077425151467e+08
4.601162077425151467e+08
4.601162077425151467e+08
4.601162077425151467e+08
4.601162077425151467e+08
4.324808682853830457e+08
4.324808682853830457e+08
3.707892221054201126e+08
3.707892221054201126e+08
3.707892221054201126e+08
3.707892221054201126e+08
3.707892221054201126e+08
3.707892221054201126e+08
3.707892221054201126e+08
3.707892221054201126e+08
3.707892221054201126e+08
3.707892221054201126e+08
3.707892221054201126e+08
3.707892221054201126e+08
3.707892221054201126e+08
3.707892221054201126e+08
3.707892221054201126e+08
3.707892221054201126e+08
3.707892221054201126e+08
3.707892221054201126e+08
3.680543512081016302e+08
3.680543512081016302e+08
3.680543512081016302e+08
3.680543512081016302e+08
3.564142037982648015e+08
3.564142037982648015e+08
3.564142037982648015e+08
3.471178062327635288e+08
3.194222706146314740e+08
3.194222706146314740e+08
3.194222706146314740e+08
3.090083705705677271e+08
3.090083705705677271e+08
3.090083705705677271e+08
3.037121813869524002e+08
3.037121813869524002e+08
3.037121813869524002e+08
3.037121813869524002e+08
3.037121813869524002e+08
3.037121813869524002e+08
2.961101571111049652e+08
2.961101571111049652e+08
2.961101571111049652e+08
2.961101571111049652e+08
2.961101571111049652e+08
2.961101571111049652e+08
2.961101571111049652e+08
2.961101571111049652e+08
2.961101571111049652e+08
2.684915067259524465e+08
2.684915067259524465e+08
2.684915067259524465e+08
2.684915067259524465e+08
2.684915067259524465e+08
2.684915067259524465e+08
2.684915067259524465e+08
2.449901730995506644e+08
2.449901730995506644e+08
2.449901730995506644e+08
2.449901730995506644e+08
2.449901730995506644e+08
2.449901730995506644e+08
2.449901730995506644e+08
2.449901730995506644e+08
2.439741589593313634e+08
2.387940328501360714e+08
2.387940328501360714e+08
2.387940328501360714e+08
2.387940328501360714e+08
2.387940328501360714e+08
2.387940328501360714e+08
2.387940328501360714e+08
2.387940328501360714e+08
2.387940328501360714e+08
2.175438195407585502e+08
1.940568541126273572e+08
1.917388131748301983e+08
1.917388131748301983e+08
1.917388131748301983e+08
1.917388131748301983e+08
1.917388131748301983e+08
1.917388131748301983e+08
1.917388131748301983e+08
1.917388131748301983e+08
1.917388131748301983e+08
1.917388131748301983e+08
1.917388131748301983e+08
1.917388131748301983e+08
1.917388131748301983e+08
1.917388131748301983e+08
1.917388131748301983e+08
1.876405911282360554e+08
1.876405911282360554e+08
1.876405911282360554e+08
1.876405911282360554e+08
1.876405911282360554e+08
1.876405911282360554e+08
1.876405911282360554e+08
1.863104501151685119e+08
1.863104501151685119e+08
1.863104501151685119e+08
1.863104501151685119e+08
1.863104501151685119e+08
1.863104501151685119e+08
1.863104501151685119e+08
1.863104501151685119e+08
1.863104501151685119e+08
1.863104501151685119e+08
1.863104501151685119e+08
1.863104501151685119e+08
1.863104501151685119e+08
1.863104501151685119e+08
1.863104501151685119e+08
1.863104501151685119e+08
1.863104501151685119e+08
1.863104501151685119e+08
1.863104501151685119e+08
1.863104501151685119e+08
1.863104501151685119e+08
1.863104501151685119e+08
1.863104501151685119e+08
1.806789534933314323e+08
1.806789534933314323e+08
1.806789534933314323e+08
1.710753094007474482e+08
1.710753094007474482e+08
1.710753094007474482e+08
1.710753094007474482e+08
1.654088695819463134e+08
1.654088695819463134e+08
1.654088695819463134e+08
1.654088695819463134e+08
1.654088695819463134e+08
1.654088695819463134e+08
1.654088695819463134e+08
1.654088695819463134e+08
1.654088695819463134e+08
1.654088695819463134e+08
1.654088695819463134e+08
1.654088695819463134e+08
1.654088695819463134e+08
1.654088695819463134e+08
1.654088695819463134e+08
1.654088695819463134e+08
1.654088695819463134e+08
1.328942968483907729e+08
1.328942968483907729e+08
1.328942968483907729e+08
1.328942968483907729e+08
1.328942968483907729e+08
1.328942968483907729e+08
1.328942968483907729e+08
1.328942968483907729e+08
1.328942968483907729e+08
1.328942968483907729e+08
1.328942968483907729e+08
1.328942968483907729e+08
1.328942968483907729e+08
1.328942968483907729e+08
1.328942968483907729e+08
1.328942968483907729e+08
1.328942968483907729e+08
1.328942968483907729e+08
1.328942968483907729e+08
1.328942968483907729e+08
1.328942968483907729e+08
1.328942968483907729e+08
1.328942968483907729e+08
1.328525284626769274e+08
1.328525284626769274e+08
1.325703558541857153e+08
1.325703558541857153e+08
1.325703558541857153e+08
1.325703558541857153e+08
1.325703558541857153e+08
1.325703558541857153e+08
1.315004773711555153e+08
1.167239944943675548e+08
1.167239944943675548e+08
1.167239944943675548e+08
1.167239944943675548e+08
1.167239944943675548e+08
1.167239944943675548e+08
1.167239944943675548e+08
1.167239944943675548e+08
1.167239944943675548e+08
1.167239944943675548e+08
1.167239944943675548e+08
1.167239944943675548e+08
1.125508006169266999e+08
1.125508006169266999e+08
1.054895594203143865e+08
1.054895594203143865e+08
1.054895594203143865e+08
1.054895594203143865e+08
1.054895594203143865e+08
1.054895594203143865e+08
1.054895594203143865e+08
1.054895594203143865e+08
1.054895594203143865e+08
1.054895594203143865e+08
1.035929235011764020e+08
1.035929235011764020e+08
1.035929235011764020e+08
1.035929235011764020e+08
1.035929235011764020e+08
1.035929235011764020e+08
1.035929235011764020e+08
1.035929235011764020e+08
9.617350891452725232e+07
9.617350891452725232e+07
9.341971084742297232e+07
9.341971084742297232e+07
9.186513005809788406e+07
9.186513005809788406e+07
9.186513005809788406e+07
9.186513005809788406e+07
9.186513005809788406e+07
9.186513005809788406e+07
9.186513005809788406e+07
9.186513005809788406e+07
9.186513005809788406e+07
9.186513005809788406e+07
9.186513005809788406e+07
9.186513005809788406e+07
9.186513005809788406e+07
9.186513005809788406e+07
9.186513005809788406e+07
9.186513005809788406e+07
8.980998679139663279e+07
8.980998679139663279e+07
8.980998679139663279e+07
8.980998679139663279e+07
8.980998679139663279e+07
8.757170773981827497e+07
8.295096251609843969e+07
8.295096251609843969e+07
8.295096251609843969e+07
8.295096251609843969e+07
8.295096251609843969e+07
8.295096251609843969e+07
8.295096251609843969e+07
8.295096251609843969e+07
8.295096251609843969e+07
8.295096251609843969e+07
8.295096251609843969e+07
8.295096251609843969e+07
8.295096251609843969e+07
8.295096251609843969e+07
8.295096251609843969e+07
8.295096251609843969e+07
8.295096251609843969e+07
8.295096251609843969e+07
8.295096251609843969e+07
8.295096251609843969e+07
8.295096251609843969e+07
8.295096251609843969e+07
8.295096251609843969e+07
8.127429249636200070e+07
8.127429249636200070e+07
8.127429249636200070e+07
8.127429249636200070e+07
8.127429249636200070e+07
8.127429249636200070e+07
6.756733523467466235e+07
6.756733523467466235e+07
6.079209625156063586e+07
6.079209625156063586e+07
6.079209625156063586e+07
6.079209625156063586e+07
6.079209625156063586e+07
6.079209625156063586e+07
6.079209625156063586e+07
6.079209625156063586e+07
6.079209625156063586e+07
6.079209625156063586e+07
6.079209625156063586e+07
6.079209625156063586e+07
6.079209625156063586e+07
6.079209625156063586e+07
6.079209625156063586e+07
6.079209625156063586e+07
6.079209625156063586e+07
6.079209625156063586e+07
6.079209625156063586e+07
6.079209625156063586e+07
6.079209625156063586e+07
6.079209625156063586e+07
6.079209625156063586e+07
6.079209625156063586e+07
6.079209625156063586e+07
6.079209625156063586e+07
6.079209625156063586e+07
6.079209625156063586e+07
6.079209625156063586e+07
5.992783843205280602e+07
5.992783843205280602e+07
5.992783843205280602e+07
5.948542052327883244e+07
5.948542052327883244e+07
5.948542052327883244e+07
5.948542052327883244e+07
5.948542052327883244e+07
5.948542052327883244e+07
5.948542052327883244e+07
5.948542052327883244e+07
5.948542052327883244e+07
5.948542052327883244e+07
5.948542052327883244e+07
5.948542052327883244e+07
5.948542052327883244e+07
5.948542052327883244e+07
5.948542052327883244e+07
5.948542052327883244e+07
5.948542052327883244e+07
5.948542052327883244e+07
5.948542052327883244e+07
5.948542052327883244e+07
5.948542052327883244e+07
5.948542052327883244e+07
5.948542052327883244e+07
5.948542052327883244e+07
5.948542052327883244e+07
5.948542052327883244e+07
5.648998710188919306e+07
5.648998710188919306e+07
5.648998710188919306e+07
5.435298775796799362e+07
5.435298775796799362e+07
4.913131832709125429e+07
4.913131832709125429e+07
4.913131832709125429e+07
4.913131832709125429e+07
4.913131832709125429e+07
4.913131832709125429e+07
4.913131832709125429e+07
4.913131832709125429e+07
4.713412050207006186e+07
4.713412050207006186e+07
4.713412050207006186e+07
4.713412050207006186e+07
4.713412050207006186e+07
4.713412050207006186e+07
4.713412050207006186e+07
4.713412050207006186e+07
4.713412050207006186e+07
4.713412050207006186e+07
4.713412050207006186e+07
4.713412050207006186e+07
4.713412050207006186e+07
4.713412050207006186e+07
4.713412050207006186e+07
4.713412050207006186e+07
4.713412050207006186e+07
4.713412050207006186e+07
4.713412050207006186e+07
4.713412050207006186e+07
4.713412050207006186e+07
4.713412050207006186e+07
4.713412050207006186e+07
4.713412050207006186e+07
4.713412050207006186e+07
4.713412050207006186e+07
4.713412050207006186e+07
4.713412050207006186e+07
4.713412050207006186e+07
4.713412050207006186e+07
4.713412050207006186e+07
4.713412050207006186e+07
4.713412050207006186e+07
4.713412050207006186e+07
4.713412050207006186e+07
4.713412050207006186e+07
4.713412050207006186e+07
4.713412050207006186e+07
4.161125455576742440e+07
4.161125455576742440e+07
4.161125455576742440e+07
4.161125455576742440e+07
4.043963616492886096e+07
4.043963616492886096e+07
4.043963616492886096e+07
4.043963616492886096e+07
4.043963616492886096e+07
4.043963616492886096e+07
4.043963616492886096e+07
4.043963616492886096e+07
3.931472237543840706e+07
3.931472237543840706e+07
3.931472237543840706e+07
3.791047518103792518e+07
3.791047518103792518e+07
3.791047518103792518e+07
3.791047518103792518e+07
3.791047518103792518e+07
3.791047518103792518e+07
3.791047518103792518e+07
3.791047518103792518e+07
3.791047518103792518e+07
3.791047518103792518e+07
3.791047518103792518e+07
3.791047518103792518e+07
3.791047518103792518e+07
3.791047518103792518e+07
3.791047518103792518e+07
3.791047518103792518e+07
3.791047518103792518e+07
3.791047518103792518e+07
3.791047518103792518e+07
3.791047518103792518e+07
3.791047518103792518e+07
3.791047518103792518e+07
3.791047518103792518e+07
3.791047518103792518e+07
3.791047518103792518e+07
3.047424903394043818e+07
3.047424903394043818e+07
3.047424903394043818e+07
3.047424903394043818e+07
3.047424903394043818e+07
3.047424903394043818e+07
3.047424903394043818e+07
3.047424903394043818e+07
3.047424903394043818e+07
3.047424903394043818e+07
3.047424903394043818e+07
3.047424903394043818e+07
3.047424903394043818e+07
3.047424903394043818e+07
3.047424903394043818e+07
3.047424903394043818e+07
3.047424903394043818e+07
3.047424903394043818e+07
2.927476236758220196e+07
2.927476236758220196e+07
2.927476236758220196e+07
2.927476236758220196e+07
2.927476236758220196e+07
2.927476236758220196e+07
2.927476236758220196e+07
2.927476236758220196e+07
2.817901193933431059e+07
2.817901193933431059e+07
2.817901193933431059e+07
2.817901193933431059e+07
2.817901193933431059e+07
2.817901193933431059e+07
2.817901193933431059e+07
2.817901193933431059e+07
2.817901193933431059e+07
2.817901193933431059e+07
2.817901193933431059e+07
2.817901193933431059e+07
2.817901193933431059e+07
2.817901193933431059e+07
2.817901193933431059e+07
2.817901193933431059e+07
2.817901193933431059e+07
2.817901193933431059e+07
2.817901193933431059e+07
2.817901193933431059e+07
2.817901193933431059e+07
2.817901193933431059e+07
2.817901193933431059e+07
2.817901193933431059e+07
2.817901193933431059e+07
2.817901193933431059e+07
2.817901193933431059e+07
2.817901193933431059e+07
2.817901193933431059e+07
2.817901193933431059e+07
2.817901193933431059e+07
2.817901193933431059e+07
2.817901193933431059e+07
2.817901193933431059e+07
2.817901193933431059e+07
2.817901193933431059e+07
2.817901193933431059e+07
2.817901193933431059e+07
2.817901193933431059e+07
2.817901193933431059e+07
2.817901193933431059e+07
2.817901193933431059e+07
2.817901193933431059e+07
2.817901193933431059e+07
2.817901193933431059e+07
2.817901193933431059e+07
2.817901193933431059e+07
2.817901193933431059e+07
2.817901193933431059e+07
2.817901193933431059e+07
2.817901193933431059e+07
2.817901193933431059e+07
2.817901193933431059e+07
2.817901193933431059e+07
2.695218930848046020e+07
2.695218930848046020e+07
2.695218930848046020e+07
2.695218930848046020e+07
2.695218930848046020e+07
2.695218930848046020e+07
2.695218930848046020e+07
2.695218930848046020e+07
2.695218930848046020e+07
2.695218930848046020e+07
2.695218930848046020e+07
2.695218930848046020e+07
2.695218930848046020e+07
2.695218930848046020e+07
2.695218930848046020e+07
2.569398036547858268e+07
2.569398036547858268e+07
2.569398036547858268e+07
2.569398036547858268e+07
2.569398036547858268e+07
2.569398036547858268e+07
2.569398036547858268e+07
2.569398036547858268e+07
2.569398036547858268e+07
2.569398036547858268e+07
2.569398036547858268e+07
2.569398036547858268e+07
2.569398036547858268e+07
2.569398036547858268e+07
2.569398036547858268e+07
2.569398036547858268e+07
2.569398036547858268e+07
2.569398036547858268e+07
2.569398036547858268e+07
2.569398036547858268e+07
2.569398036547858268e+07
2.569398036547858268e+07
2.569398036547858268e+07
2.569398036547858268e+07
2.569398036547858268e+07
2.569398036547858268e+07
2.569398036547858268e+07
2.569398036547858268e+07
2.569398036547858268e+07
2.569398036547858268e+07
2.569398036547858268e+07
2.569398036547858268e+07
2.569398036547858268e+07
2.569398036547858268e+07
2.569398036547858268e+07
2.569398036547858268e+07
2.569398036547858268e+07
2.569398036547858268e+07
2.569398036547858268e+07
2.569398036547858268e+07
2.569398036547858268e+07
2.569398036547858268e+07
2.569398036547858268e+07
2.569398036547858268e+07
2.569398036547858268e+07
2.569398036547858268e+07
2.569398036547858268e+07
2.569398036547858268e+07
2.569398036547858268e+07
2.569398036547858268e+07
2.569398036547858268e+07
2.569398036547858268e+07
2.569398036547858268e+07
2.569398036547858268e+07
2.569398036547858268e+07
2.569398036547858268e+07
2.569398036547858268e+07
2.569398036547858268e+07
2.569398036547858268e+07
2.569398036547858268e+07
2.569398036547858268e+07
2.569398036547858268e+07
2.569398036547858268e+07
2.569398036547858268e+07
2.569398036547858268e+07
2.569398036547858268e+07
2.569398036547858268e+07
2.569398036547858268e+07
2.569398036547858268e+07
2.569398036547858268e+07
2.569398036547858268e+07
2.569398036547858268e+07
2.569398036547858268e+07
2.569398036547858268e+07
2.569398036547858268e+07
2.569398036547858268e+07
2.569398036547858268e+07
2.569398036547858268e+07
2.569398036547858268e+07
2.569398036547858268e+07
2.569398036547858268e+07
2.569398036547858268e+07
2.569398036547858268e+07
2.569398036547858268e+07
2.569398036547858268e+07
2.569398036547858268e+07
2.569398036547858268e+07
2.569398036547858268e+07
2.569398036547858268e+07
2.569398036547858268e+07
2.569398036547858268e+07
2.569398036547858268e+07
2.569398036547858268e+07
2.569398036547858268e+07
2.569398036547858268e+07
2.569398036547858268e+07
2.569398036547858268e+07
2.569398036547858268e+07
2.569398036547858268e+07
2.569398036547858268e+07
2.569398036547858268e+07
2.569398036547858268e+07
2.569398036547858268e+07
2.569398036547858268e+07
2.569398036547858268e+07
2.569398036547858268e+07
2.569398036547858268e+07
2.569398036547858268e+07
2.569398036547858268e+07
2.569398036547858268e+07
2.569398036547858268e+07
2.569398036547858268e+07
2.569398036547858268e+07
2.569398036547858268e+07
2.569398036547858268e+07
2.569398036547858268e+07
2.569398036547858268e+07
2.569398036547858268e+07
2.569398036547858268e+07
2.569398036547858268e+07
2.569398036547858268e+07
2.569398036547858268e+07
2.569398036547858268e+07
2.569398036547858268e+07
2.569398036547858268e+07
2.569398036547858268e+07
2.569398036547858268e+07
2.569398036547858268e+07
2.569398036547858268e+07
2.569398036547858268e+07
2.569398036547858268e+07
2.569398036547858268e+07
2.569398036547858268e+07
2.569398036547858268e+07
2.569398036547858268e+07
2.569398036547858268e+07
2.569398036547858268e+07
2.569398036547858268e+07
2.569398036547858268e+07
2.569398036547858268e+07
2.375797107629578933e+07
2.375797107629578933e+07
2.375797107629578933e+07
2.375797107629578933e+07
2.375797107629578933e+07
2.375797107629578933e+07
2.375797107629578933e+07
2.375797107629578933e+07
2.375797107629578933e+07
2.375797107629578933e+07
2.375797107629578933e+07
2.375797107629578933e+07
2.375797107629578933e+07
2.375797107629578933e+07
2.375797107629578933e+07
2.375797107629578933e+07
2.375797107629578933e+07
2.375797107629578933e+07
2.375797107629578933e+07
2.375797107629578933e+07
2.375797107629578933e+07
2.375797107629578933e+07
2.375797107629578933e+07
2.375797107629578933e+07
2.375797107629578933e+07
2.375797107629578933e+07
2.375797107629578933e+07
2.375797107629578933e+07
2.375797107629578933e+07
2.375797107629578933e+07
2.375797107629578933e+07
2.375797107629578933e+07
2.375797107629578933e+07
2.375797107629578933e+07
2.375797107629578933e+07
2.375797107629578933e+07
2.190786436797631159e+07
2.190786436797631159e+07
2.190786436797631159e+07
2.190786436797631159e+07
2.190786436797631159e+07
2.190786436797631159e+07
2.190786436797631159e+07
2.190786436797631159e+07
2.190786436797631159e+07
2.190786436797631159e+07
2.190786436797631159e+07
2.190786436797631159e+07
2.190786436797631159e+07
2.190786436797631159e+07
2.190786436797631159e+07
2.190786436797631159e+07
2.190786436797631159e+07
2.190786436797631159e+07
2.190786436797631159e+07
2.190786436797631159e+07
2.190786436797631159e+07
2.190786436797631159e+07
2.190786436797631159e+07
2.190786436797631159e+07
2.190786436797631159e+07
2.190786436797631159e+07
2.190786436797631159e+07
2.190786436797631159e+07
2.190786436797631159e+07
2.190786436797631159e+07
2.190786436797631159e+07
2.190786436797631159e+07
2.190786436797631159e+07
2.066222772638880834e+07
2.066222772638880834e+07
2.066222772638880834e+07
2.066222772638880834e+07
2.066222772638880834e+07
2.066222772638880834e+07
2.066222772638880834e+07
2.066222772638880834e+07
2.066222772638880834e+07
2.066222772638880834e+07
1.977810134320487827e+07
1.977810134320487827e+07
1.977810134320487827e+07
1.977810134320487827e+07
1.977810134320487827e+07
1.977810134320487827e+07
1.977810134320487827e+07
1.977810134320487827e+07
1.977810134320487827e+07
1.977810134320487827e+07
1.977810134320487827e+07
1.977810134320487827e+07
1.977810134320487827e+07
1.977810134320487827e+07
1.977810134320487827e+07
1.977810134320487827e+07
1.977810134320487827e+07
1.977810134320487827e+07
1.977810134320487827e+07
1.977810134320487827e+07
1.977810134320487827e+07
1.977810134320487827e+07
1.977810134320487827e+07
1.977810134320487827e+07
1.977810134320487827e+07
1.977810134320487827e+07
1.977810134320487827e+07
1.977810134320487827e+07
1.977810134320487827e+07
1.977810134320487827e+07
1.977810134320487827e+07
1.977810134320487827e+07
1.977810134320487827e+07
1.977810134320487827e+07
1.977810134320487827e+07
1.977810134320487827e+07
1.977810134320487827e+07
1.977810134320487827e+07
1.977810134320487827e+07
1.977810134320487827e+07
1.977810134320487827e+07
1.977810134320487827e+07
1.977810134320487827e+07
1.977810134320487827e+07
1.977810134320487827e+07
1.977810134320487827e+07
1.977810134320487827e+07
1.977810134320487827e+07
1.977810134320487827e+07
1.977810134320487827e+07
1.977810134320487827e+07
1.977810134320487827e+07
1.977810134320487827e+07
1.977810134320487827e+07
1.977810134320487827e+07
1.977810134320487827e+07
1.977810134320487827e+07
1.977810134320487827e+07
1.977810134320487827e+07
1.977810134320487827e+07
1.977810134320487827e+07
1.977810134320487827e+07
1.977810134320487827e+07
1.977810134320487827e+07
1.977810134320487827e+07
1.977810134320487827e+07
1.977810134320487827e+07
1.977810134320487827e+07
1.977810134320487827e+07
1.977810134320487827e+07
1.977810134320487827e+07
1.977810134320487827e+07
1.977810134320487827e+07
1.977810134320487827e+07
1.977810134320487827e+07
1.977810134320487827e+07
1.977810134320487827e+07
1.977810134320487827e+07
1.977810134320487827e+07
1.977810134320487827e+07
1.893078537413697690e+07
1.893078537413697690e+07
1.893078537413697690e+07
1.893078537413697690e+07
1.893078537413697690e+07
1.893078537413697690e+07
1.893078537413697690e+07
1.893078537413697690e+07
1.893078537413697690e+07
1.893078537413697690e+07
1.893078537413697690e+07
1.893078537413697690e+07
1.893078537413697690e+07
1.893078537413697690e+07
1.893078537413697690e+07
1.893078537413697690e+07
1.893078537413697690e+07
1.893078537413697690e+07
1.893078537413697690e+07
1.893078537413697690e+07
1.893078537413697690e+07
1.893078537413697690e+07
1.893078537413697690e+07
1.893078537413697690e+07
1.893078537413697690e+07
1.893078537413697690e+07
1.893078537413697690e+07
1.893078537413697690e+07
1.893078537413697690e+07
1.893078537413697690e+07
1.893078537413697690e+07
1.893078537413697690e+07
1.893078537413697690e+07
1.893078537413697690e+07
1.893078537413697690e+07
1.893078537413697690e+07
1.893078537413697690e+07
1.893078537413697690e+07
1.893078537413697690e+07
1.893078537413697690e+07
1.893078537413697690e+07
1.893078537413697690e+07
1.893078537413697690e+07
1.893078537413697690e+07
1.893078537413697690e+07
1.893078537413697690e+07
1.893078537413697690e+07
1.893078537413697690e+07
1.893078537413697690e+07
1.893078537413697690e+07
1.893078537413697690e+07
1.893078537413697690e+07
1.893078537413697690e+07
1.893078537413697690e+07
1.893078537413697690e+07
1.893078537413697690e+07
1.893078537413697690e+07
1.893078537413697690e+07
1.893078537413697690e+07
1.893078537413697690e+07
1.893078537413697690e+07
1.893078537413697690e+07
1.893078537413697690e+07
1.893078537413697690e+07
1.893078537413697690e+07
1.893078537413697690e+07
1.893078537413697690e+07
1.893078537413697690e+07
1.893078537413697690e+07
1.893078537413697690e+07
1.893078537413697690e+07
1.893078537413697690e+07
1.893078537413697690e+07
1.893078537413697690e+07
1.893078537413697690e+07
1.893078537413697690e+07
1.893078537413697690e+07
1.893078537413697690e+07
1.893078537413697690e+07
1.893078537413697690e+07
1.893078537413697690e+07
1.893078537413697690e+07
1.893078537413697690e+07
1.893078537413697690e+07
1.893078537413697690e+07
1.893078537413697690e+07
1.893078537413697690e+07
1.893078537413697690e+07
1.893078537413697690e+07
1.893078537413697690e+07
1.893078537413697690e+07
1.893078537413697690e+07
1.893078537413697690e+07
1.893078537413697690e+07
1.893078537413697690e+07
1.893078537413697690e+07
1.893078537413697690e+07
1.893078537413697690e+07
1.893078537413697690e+07
1.893078537413697690e+07
1.893078537413697690e+07
1.893078537413697690e+07
1.893078537413697690e+07
1.893078537413697690e+07
1.893078537413697690e+07
1.893078537413697690e+07
1.893078537413697690e+07
1.893078537413697690e+07
1.893078537413697690e+07
1.893078537413697690e+07
1.893078537413697690e+07
1.893078537413697690e+07
1.893078537413697690e+07
1.893078537413697690e+07
1.893078537413697690e+07
1.893078537413697690e+07
1.893078537413697690e+07
1.893078537413697690e+07
1.893078537413697690e+07
1.893078537413697690e+07
1.893078537413697690e+07
1.893078537413697690e+07
1.893078537413697690e+07
1.893078537413697690e+07
1.893078537413697690e+07
1.893078537413697690e+07
1.893078537413697690e+07
1.841735775656284764e+07
1.841735775656284764e+07
1.841735775656284764e+07
1.841735775656284764e+07
1.841735775656284764e+07
1.841735775656284764e+07
1.841735775656284764e+07
1.841735775656284764e+07
1.841735775656284764e+07
1.841735775656284764e+07
1.841735775656284764e+07
1.841735775656284764e+07
1.841735775656284764e+07
1.841735775656284764e+07
1.841735775656284764e+07
1.841735775656284764e+07
1.841735775656284764e+07
1.841735775656284764e+07
1.841735775656284764e+07
1.841735775656284764e+07
1.841735775656284764e+07
1.841735775656284764e+07
1.841735775656284764e+07
1.841735775656284764e+07
1.841735775656284764e+07
1.841735775656284764e+07
1.841735775656284764e+07
1.841735775656284764e+07
1.841735775656284764e+07
1.841735775656284764e+07
1.841735775656284764e+07
1.841735775656284764e+07
1.841735775656284764e+07
1.841735775656284764e+07
1.841735775656284764e+07
1.841735775656284764e+07
1.841735775656284764e+07
1.841735775656284764e+07
1.841735775656284764e+07
1.841735775656284764e+07
1.841735775656284764e+07
1.841735775656284764e+07
1.841735775656284764e+07
1.841735775656284764e+07
1.841735775656284764e+07
1.841735775656284764e+07
1.841735775656284764e+07
1.841735775656284764e+07
1.841735775656284764e+07
1.841735775656284764e+07
1.841735775656284764e+07
1.841735775656284764e+07
1.841735775656284764e+07
1.841735775656284764e+07
1.841735775656284764e+07
1.841735775656284764e+07
1.841735775656284764e+07
1.841735775656284764e+07
1.841735775656284764e+07
1.841735775656284764e+07
1.841735775656284764e+07
1.841735775656284764e+07
1.841735775656284764e+07
1.841735775656284764e+07
1.841735775656284764e+07
1.841735775656284764e+07
1.841735775656284764e+07
1.841735775656284764e+07
1.841735775656284764e+07
1.841735775656284764e+07
1.841735775656284764e+07
1.841735775656284764e+07
1.841735775656284764e+07
1.841735775656284764e+07
1.841735775656284764e+07
1.841735775656284764e+07
1.841735775656284764e+07
1.841735775656284764e+07
1.841735775656284764e+07
1.841735775656284764e+07
1.841735775656284764e+07
1.841735775656284764e+07
1.841735775656284764e+07
1.841735775656284764e+07
1.841735775656284764e+07
1.841735775656284764e+07
1.841735775656284764e+07
1.841735775656284764e+07
1.841735775656284764e+07
1.841735775656284764e+07
1.841735775656284764e+07
1.841735775656284764e+07
1.841735775656284764e+07
1.841735775656284764e+07
1.841735775656284764e+07
1.841735775656284764e+07
1.841735775656284764e+07
1.841735775656284764e+07
1.841735775656284764e+07
1.841735775656284764e+07
1.841735775656284764e+07
1.643062752039584331e+07
1.643062752039584331e+07
1.643062752039584331e+07
1.643062752039584331e+07
1.643062752039584331e+07
1.643062752039584331e+07
1.643062752039584331e+07
1.643062752039584331e+07
1.643062752039584331e+07
1.643062752039584331e+07
1.643062752039584331e+07
1.643062752039584331e+07
1.643062752039584331e+07
1.643062752039584331e+07
1.643062752039584331e+07
1.643062752039584331e+07
1.643062752039584331e+07
1.643062752039584331e+07
1.643062752039584331e+07
1.643062752039584331e+07
1.643062752039584331e+07
1.643062752039584331e+07
1.643062752039584331e+07
1.643062752039584331e+07
1.643062752039584331e+07
1.643062752039584331e+07
1.643062752039584331e+07
1.643062752039584331e+07
1.643062752039584331e+07
1.643062752039584331e+07
1.643062752039584331e+07
1.643062752039584331e+07
1.643062752039584331e+07
1.643062752039584331e+07
1.643062752039584331e+07
1.643062752039584331e+07
1.643062752039584331e+07
1.643062752039584331e+07
1.643062752039584331e+07
1.643062752039584331e+07
1.643062752039584331e+07
1.643062752039584331e+07
1.643062752039584331e+07
1.643062752039584331e+07
1.643062752039584331e+07
1.643062752039584331e+07
1.643062752039584331e+07
1.643062752039584331e+07
1.643062752039584331e+07
1.643062752039584331e+07
1.643062752039584331e+07
1.643062752039584331e+07
1.643062752039584331e+07
1.643062752039584331e+07
1.643062752039584331e+07
1.643062752039584331e+07
1.643062752039584331e+07
1.643062752039584331e+07
1.643062752039584331e+07
1.643062752039584331e+07
1.643062752039584331e+07
1.643062752039584331e+07
1.643062752039584331e+07
1.643062752039584331e+07
1.643062752039584331e+07
1.643062752039584331e+07
1.643062752039584331e+07
1.643062752039584331e+07
1.643062752039584331e+07
1.643062752039584331e+07
1.643062752039584331e+07
1.643062752039584331e+07
1.643062752039584331e+07
1.643062752039584331e+07
1.643062752039584331e+07
1.643062752039584331e+07
1.643062752039584331e+07
1.643062752039584331e+07
1.643062752039584331e+07
1.643062752039584331e+07
1.643062752039584331e+07
1.643062752039584331e+07
1.643062752039584331e+07
1.643062752039584331e+07
1.643062752039584331e+07
1.643062752039584331e+07
1.643062752039584331e+07
1.643062752039584331e+07
1.643062752039584331e+07
1.643062752039584331e+07
1.643062752039584331e+07
1.643062752039584331e+07
1.643062752039584331e+07
1.643062752039584331e+07
1.643062752039584331e+07
1.643062752039584331e+07
1.643062752039584331e+07
1.643062752039584331e+07
1.643062752039584331e+07
1.643062752039584331e+07
1.643062752039584331e+07
1.643062752039584331e+07
1.643062752039584331e+07
1.643062752039584331e+07
1.643062752039584331e+07
1.643062752039584331e+07
1.643062752039584331e+07
1.643062752039584331e+07
1.643062752039584331e+07
1.643062752039584331e+07
1.643062752039584331e+07
1.643062752039584331e+07
1.643062752039584331e+07
1.643062752039584331e+07
1.643062752039584331e+07
1.643062752039584331e+07
1.643062752039584331e+07
1.643062752039584331e+07
1.643062752039584331e+07
1.643062752039584331e+07
1.643062752039584331e+07
1.643062752039584331e+07
1.643062752039584331e+07
1.643062752039584331e+07
1.643062752039584331e+07
1.643062752039584331e+07
1.643062752039584331e+07
1.643062752039584331e+07
1.643062752039584331e+07
1.643062752039584331e+07
1.643062752039584331e+07
1.643062752039584331e+07
1.643062752039584331e+07
1.643062752039584331e+07
1.643062752039584331e+07
1.643062752039584331e+07
1.643062752039584331e+07
1.643062752039584331e+07
1.643062752039584331e+07
1.643062752039584331e+07
1.643062752039584331e+07
1.643062752039584331e+07
1.643062752039584331e+07
1.643062752039584331e+07
1.643062752039584331e+07
1.643062752039584331e+07
1.643062752039584331e+07
1.643062752039584331e+07
1.643062752039584331e+07
1.643062752039584331e+07
1.643062752039584331e+07
1.643062752039584331e+07
1.643062752039584331e+07
1.643062752039584331e+07
1.643062752039584331e+07
1.643062752039584331e+07
1.643062752039584331e+07
1.643062752039584331e+07
1.643062752039584331e+07
1.643062752039584331e+07
1.643062752039584331e+07
1.643062752039584331e+07
1.643062752039584331e+07
1.643062752039584331e+07
1.643062752039584331e+07
1.643062752039584331e+07
1.643062752039584331e+07
1.643062752039584331e+07
1.643062752039584331e+07
1.643062752039584331e+07
1.643062752039584331e+07
1.643062752039584331e+07
1.643062752039584331e+07
1.643062752039584331e+07
1.643062752039584331e+07
1.643062752039584331e+07
1.643062752039584331e+07
1.643062752039584331e+07
1.643062752039584331e+07
1.643062752039584331e+07
1.643062752039584331e+07
1.643062752039584331e+07
1.643062752039584331e+07
1.643062752039584331e+07
1.643062752039584331e+07
1.643062752039584331e+07
1.643062752039584331e+07
1.643062752039584331e+07
1.643062752039584331e+07
1.643062752039584331e+07
1.643062752039584331e+07
1.643062752039584331e+07
1.643062752039584331e+07
1.643062752039584331e+07
1.643062752039584331e+07
1.643062752039584331e+07
1.643062752039584331e+07
1.643062752039584331e+07
1.643062752039584331e+07
1.643062752039584331e+07
1.643062752039584331e+07
1.643062752039584331e+07
1.643062752039584331e+07
1.643062752039584331e+07
1.643062752039584331e+07
1.643062752039584331e+07
1.643062752039584331e+07
1.643062752039584331e+07
1.643062752039584331e+07
1.643062752039584331e+07
1.643062752039584331e+07
1.643062752039584331e+07
1.643062752039584331e+07
1.643062752039584331e+07
1.643062752039584331e+07
1.643062752039584331e+07
1.643062752039584331e+07
1.643062752039584331e+07
1.643062752039584331e+07
1.643062752039584331e+07
1.643062752039584331e+07
1.643062752039584331e+07
1.643062752039584331e+07
1.643062752039584331e+07
1.643062752039584331e+07
1.643062752039584331e+07
1.643062752039584331e+07
1.643062752039584331e+07
1.643062752039584331e+07
1.643062752039584331e+07
1.643062752039584331e+07
1.643062752039584331e+07
1.643062752039584331e+07
1.643062752039584331e+07
1.643062752039584331e+07
1.643062752039584331e+07
1.643062752039584331e+07
1.643062752039584331e+07
1.643062752039584331e+07
1.643062752039584331e+07
1.643062752039584331e+07
1.643062752039584331e+07
1.643062752039584331e+07
1.643062752039584331e+07
1.643062752039584331e+07
1.643062752039584331e+07
1.643062752039584331e+07
1.643062752039584331e+07
1.643062752039584331e+07
1.643062752039584331e+07
1.643062752039584331e+07
1.643062752039584331e+07
1.643062752039584331e+07
1.643062752039584331e+07
1.643062752039584331e+07
1.643062752039584331e+07
1.643062752039584331e+07
1.643062752039584331e+07
1.643062752039584331e+07
1.643062752039584331e+07
1.643062752039584331e+07
1.643062752039584331e+07
1.643062752039584331e+07
1.643062752039584331e+07
1.643062752039584331e+07
1.643062752039584331e+07
1.643062752039584331e+07
1.643062752039584331e+07
1.643062752039584331e+07
1.643062752039584331e+07
1.643062752039584331e+07
1.643062752039584331e+07
1.643062752039584331e+07
1.643062752039584331e+07
1.643062752039584331e+07
1.643062752039584331e+07
1.643062752039584331e+07
1.643062752039584331e+07
1.643062752039584331e+07
1.643062752039584331e+07
1.643062752039584331e+07
1.643062752039584331e+07
1.643062752039584331e+07
1.643062752039584331e+07
1.643062752039584331e+07
1.643062752039584331e+07
1.643062752039584331e+07
1.643062752039584331e+07
1.643062752039584331e+07
1.643062752039584331e+07
1.643062752039584331e+07
1.643062752039584331e+07
1.643062752039584331e+07
1.643062752039584331e+07
1.643062752039584331e+07
1.643062752039584331e+07
1.643062752039584331e+07
1.643062752039584331e+07
1.643062752039584331e+07
1.643062752039584331e+07
1.643062752039584331e+07
1.643062752039584331e+07
1.643062752039584331e+07
1.643062752039584331e+07
1.643062752039584331e+07
1.643062752039584331e+07
1.643062752039584331e+07
1.643062752039584331e+07
1.643062752039584331e+07
1.643062752039584331e+07
1.643062752039584331e+07
1.643062752039584331e+07
1.643062752039584331e+07
1.643062752039584331e+07
1.643062752039584331e+07
1.643062752039584331e+07
1.643062752039584331e+07
1.643062752039584331e+07
1.643062752039584331e+07
1.643062752039584331e+07
1.643062752039584331e+07
1.643062752039584331e+07
1.643062752039584331e+07
1.643062752039584331e+07
1.643062752039584331e+07
1.643062752039584331e+07
1.643062752039584331e+07
1.643062752039584331e+07
1.643062752039584331e+07
1.643062752039584331e+07
1.643062752039584331e+07
1.643062752039584331e+07
1.643062752039584331e+07
1.643062752039584331e+07
1.643062752039584331e+07
1.643062752039584331e+07
1.643062752039584331e+07
1.643062752039584331e+07
1.643062752039584331e+07
1.643062752039584331e+07
1.643062752039584331e+07
1.643062752039584331e+07
1.643062752039584331e+07
1.643062752039584331e+07
1.643062752039584331e+07
1.643062752039584331e+07
1.643062752039584331e+07
1.643062752039584331e+07
1.643062752039584331e+07
1.643062752039584331e+07
1.643062752039584331e+07
1.643062752039584331e+07
1.643062752039584331e+07
1.643062752039584331e+07
1.643062752039584331e+07
1.643062752039584331e+07
1.643062752039584331e+07
1.643062752039584331e+07
1.643062752039584331e+07
1.643062752039584331e+07
1.643062752039584331e+07
1.643062752039584331e+07
1.643062752039584331e+07
1.643062752039584331e+07
1.643062752039584331e+07
1.643062752039584331e+07
1.643062752039584331e+07
1.643062752039584331e+07
1.643062752039584331e+07
1.643062752039584331e+07
1.643062752039584331e+07
1.643062752039584331e+07
1.643062752039584331e+07
1.643062752039584331e+07
1.643062752039584331e+07
1.643062752039584331e+07
1.643062752039584331e+07
1.643062752039584331e+07
1.643062752039584331e+07
1.643062752039584331e+07
1.643062752039584331e+07
1.643062752039584331e+07
1.643062752039584331e+07
1.643062752039584331e+07
1.643062752039584331e+07
1.643062752039584331e+07
1.643062752039584331e+07
1.643062752039584331e+07
1.643062752039584331e+07
1.643062752039584331e+07
1.643062752039584331e+07
1.643062752039584331e+07
1.643062752039584331e+07
1.643062752039584331e+07
1.643062752039584331e+07
1.643062752039584331e+07
1.643062752039584331e+07
1.643062752039584331e+07
1.643062752039584331e+07
1.643062752039584331e+07
1.643062752039584331e+07
1.643062752039584331e+07
1.643062752039584331e+07
1.643062752039584331e+07
1.643062752039584331e+07
1.643062752039584331e+07
1.643062752039584331e+07
1.643062752039584331e+07
1.643062752039584331e+07
1.643062752039584331e+07
1.643062752039584331e+07
1.643062752039584331e+07
1.643062752039584331e+07
1.643062752039584331e+07
1.643062752039584331e+07
1.643062752039584331e+07
1.643062752039584331e+07
1.643062752039584331e+07
1.643062752039584331e+07
1.643062752039584331e+07
1.643062752039584331e+07
1.643062752039584331e+07
1.643062752039584331e+07
1.643062752039584331e+07
1.643062752039584331e+07
1.643062752039584331e+07
1.643062752039584331e+07
1.643062752039584331e+07
1.643062752039584331e+07
1.643062752039584331e+07
1.643062752039584331e+07
1.643062752039584331e+07
1.643062752039584331e+07
1.643062752039584331e+07
1.643062752039584331e+07
1.643062752039584331e+07
1.643062752039584331e+07
1.643062752039584331e+07
1.643062752039584331e+07
1.643062752039584331e+07
1.643062752039584331e+07
1.643062752039584331e+07
1.643062752039584331e+07
1.643062752039584331e+07
1.643062752039584331e+07
1.643062752039584331e+07
1.643062752039584331e+07
1.643062752039584331e+07
1.643062752039584331e+07
1.643062752039584331e+07
1.643062752039584331e+07
1.643062752039584331e+07
1.643062752039584331e+07
1.643062752039584331e+07
1.643062752039584331e+07
1.643062752039584331e+07
1.643062752039584331e+07
1.643062752039584331e+07
1.643062752039584331e+07
1.643062752039584331e+07
1.643062752039584331e+07
1.643062752039584331e+07
1.643062752039584331e+07
1.643062752039584331e+07
1.643062752039584331e+07
1.643062752039584331e+07
1.643062752039584331e+07
1.643062752039584331e+07
1.643062752039584331e+07
1.643062752039584331e+07
1.643062752039584331e+07
1.643062752039584331e+07
1.643062752039584331e+07
1.643062752039584331e+07
1.643062752039584331e+07
1.643062752039584331e+07
1.643062752039584331e+07
1.643062752039584331e+07
1.643062752039584331e+07
1.643062752039584331e+07
1.643062752039584331e+07
1.643062752039584331e+07
1.643062752039584331e+07
1.643062752039584331e+07
1.643062752039584331e+07
1.643062752039584331e+07
1.643062752039584331e+07
1.643062752039584331e+07
1.643062752039584331e+07
1.643062752039584331e+07
1.643062752039584331e+07
1.643062752039584331e+07
1.643062752039584331e+07
1.643062752039584331e+07
1.643062752039584331e+07
1.643062752039584331e+07
1.643062752039584331e+07
1.643062752039584331e+07
1.643062752039584331e+07
1.643062752039584331e+07
1.643062752039584331e+07
1.643062752039584331e+07
1.643062752039584331e+07
1.643062752039584331e+07
1.643062752039584331e+07
1.643062752039584331e+07
1.643062752039584331e+07
1.643062752039584331e+07
1.643062752039584331e+07
1.643062752039584331e+07
1.643062752039584331e+07
1.643062752039584331e+07
1.643062752039584331e+07
1.643062752039584331e+07
1.643062752039584331e+07
1.643062752039584331e+07
1.643062752039584331e+07
1.643062752039584331e+07
1.643062752039584331e+07
1.643062752039584331e+07
1.643062752039584331e+07
1.643062752039584331e+07
1.643062752039584331e+07
1.643062752039584331e+07
1.643062752039584331e+07
1.643062752039584331e+07
1.643062752039584331e+07
1.643062752039584331e+07
1.643062752039584331e+07
1.643062752039584331e+07
1.643062752039584331e+07
1.643062752039584331e+07
1.643062752039584331e+07
1.643062752039584331e+07
1.643062752039584331e+07
1.643062752039584331e+07
1.643062752039584331e+07
1.643062752039584331e+07
1.643062752039584331e+07
1.643062752039584331e+07
1.643062752039584331e+07
1.643062752039584331e+07
1.643062752039584331e+07
