0.000000000000000000e+00
0.000000000000000000e+00
0.000000000000000000e+00
0.000000000000000000e+00
0.000000000000000000e+00
0.000000000000000000e+00
0.000000000000000000e+00
0.000000000000000000e+00
0.000000000000000000e+00
0.000000000000000000e+00
2.699052631578947512e+03
5.398105263157895024e+03
1.349526315789473665e+04
2.024289473684210679e+04
2.699052631578947330e+04
3.103910526315789321e+04
3.373815789473683981e+04
3.643721052631578641e+04
3.778673684210525971e+04
4.048578947368421359e+04
4.048578947368421359e+04
4.318484210526316019e+04
4.453436842105263349e+04
4.588389473684210679e+04
4.723342105263158010e+04
4.993247368421052670e+04
4.993247368421052670e+04
5.263152631578947330e+04
5.263152631578947330e+04
5.533057894736841990e+04
5.533057894736841990e+04
5.668010526315789321e+04
5.802963157894736651e+04
5.937915789473683981e+04
6.072868421052631311e+04
6.207821052631578641e+04
6.477726315789474029e+04
6.747631578947367962e+04
7.017536842105262622e+04
7.287442105263157282e+04
