3.333333333333333037e+00
3.513532763532763337e+00
3.693732193732193636e+00
3.873931623931623491e+00
4.054131054131054235e+00
4.234330484330484090e+00
4.414529914529913945e+00
4.594729344729344689e+00
4.774928774928775432e+00
4.955128205128205288e+00
5.135327635327635143e+00
5.315527065527064998e+00
5.495726495726494853e+00
5.675925925925924709e+00
5.856125356125355452e+00
6.036324786324786196e+00
6.216524216524216051e+00
6.396723646723645906e+00
6.576923076923076650e+00
6.757122507122507393e+00
6.937321937321937249e+00
7.117521367521367104e+00
7.297720797720797847e+00
7.477920227920226814e+00
7.658119658119657558e+00
7.838319088319088301e+00
8.018518518518517268e+00
8.198717948717948900e+00
8.378917378917378755e+00
8.559116809116808611e+00
8.739316239316240242e+00
8.919515669515668321e+00
9.099715099715099953e+00
9.279914529914529808e+00
9.460113960113959664e+00
9.640313390313389519e+00
9.820512820512819374e+00
1.000071225071224923e+01
1.018091168091168086e+01
1.036111111111111072e+01
